6f00c004
732f2034
930f8000
630aff03
930f9000
6306ff03
930fb000
6302ff03
170fc0ff
130f0ffe
63040f00
67000f00
732f2034
63540f00
6f004000
93e19153
170ff0ff
23203ffc
6ff09fff
93000000
13010000
93010000
13020000
93020000
13030000
93030000
13040000
93040000
13050000
93050000
13060000
93060000
13070000
93070000
13080000
93080000
13090000
93090000
130a0000
930a0000
130b0000
930b0000
130c0000
930c0000
130d0000
930d0000
130e0000
930e0000
130f0000
930f0000
732540f1
63100500
97020000
93820201
73905230
73500018
97020000
93820202
73905230
b7020080
9382f2ff
7390023b
9302f001
7390023a
73504030
97020000
93824201
73905230
73502030
73503030
93010000
97020000
938282ee
73905230
13051000
1315f501
634e0500
0f00f00f
93011000
9308d005
13050000
73d0a2cd
73000000
9702c0ff
938242eb
638a0200
73905210
b7b20000
93829210
73902230
73500030
97020000
93824201
73901234
732540f1
73002030
17050000
13050515
93051000
2f26b500
93061000
e37ed6fe
83250500
e3eed5fe
17050000
13058513
b7c7adde
9387f7ee
2f27f518
93031000
93012000
6314770a
17070000
03278711
93030000
93013000
631a7708
17050000
13054510
93050040
13061600
2f270510
3307c700
2f27e518
e31a07fe
9385f5ff
e39605fe
17050000
1305850d
93051000
2f20b500
83250500
e3ced5fe
0f00f00f
17050000
0325050c
93959600
3305b540
9386f6ff
e3dc06fe
93030000
93015000
63167502
17050000
1305c509
af250510
af250518
e39c05fe
af250518
93031000
93016000
63947500
63143002
0f00f00f
63800100
93911100
93e11100
9308d005
13850100
73d0a4cd
73e090cd
73000000
0f00f00f
93011000
9308d005
13050000
73d0a2cd
73000000
731000c0
00000000
00000000
00000000
00000000
00000000
00000000
00000000
00000000
00000000
00000000
00000000
00000000
00000000
00000000
00000000
00000000
00000000
00000000
00000000
00000000
00000000
00000000
00000000
00000000
00000000
00000000
00000000
00000000
00000000
00000000
00000000
00000000
00000000
00000000
00000000
00000000
00000000
00000000
00000000
00000000
00000000
00000000
00000000
00000000
00000000
00000000
00000000
00000000
00000000
00000000
00000000
00000000
00000000
00000000
00000000
00000000
00000000
00000000
00000000
00000000
00000000
00000000
00000000
00000000
00000000
00000000
00000000
00000000
00000000
00000000
00000000
00000000
00000000
00000000
00000000
00000000
00000000
00000000
00000000
00000000
00000000
00000000
00000000
00000000
00000000
00000000
00000000
00000000
00000000
00000000
00000000
00000000
00000000
00000000
00000000
00000000
00000000
00000000
00000000
00000000
00000000
00000000
00000000
00000000
00000000
00000000
00000000
00000000
00000000
00000000
00000000
00000000
00000000
00000000
00000000
00000000
00000000
00000000
00000000
00000000
00000000
00000000
00000000
00000000
00000000
00000000
00000000
00000000
00000000
00000000
00000000
00000000
00000000
00000000
00000000
00000000
00000000
00000000
00000000
00000000
00000000
00000000
00000000
00000000
00000000
00000000
00000000
00000000
00000000
00000000
00000000
00000000
00000000
00000000
00000000
00000000
00000000
00000000
00000000
00000000
00000000
00000000
00000000
00000000
00000000
00000000
00000000
00000000
00000000
00000000
00000000
00000000
00000000
00000000
00000000
00000000
00000000
00000000
00000000
00000000
00000000
00000000
00000000
00000000
00000000
00000000
00000000
00000000
00000000
00000000
00000000
00000000
00000000
00000000
00000000
00000000
00000000
00000000
00000000
00000000
00000000
00000000
00000000
00000000
00000000
00000000
00000000
00000000
00000000
00000000
00000000
00000000
00000000
00000000
00000000
00000000
00000000
00000000
00000000
00000000
00000000
00000000
00000000
00000000
00000000
00000000
00000000
00000000
00000000
00000000
00000000
00000000
00000000
00000000
00000000
00000000
00000000
00000000
00000000
00000000
00000000
00000000
00000000
00000000
00000000
00000000
00000000
00000000
00000000
00000000
00000000
00000000
00000000
00000000
00000000
00000000
00000000
00000000
00000000
00000000
00000000
00000000
00000000
00000000
00000000
00000000
00000000
00000000
00000000
00000000
00000000
